277341331075
372100150320
246323110046
045362302110
354174176327
164353013262
323317340135
275063305012
046273014354
370151066053
033246241026
077043156070
031263152364
332147032231
022053066270
321174262157
072246260373
153220045077
325363303027
107164335364
232175311362
112147165233
132113021222
246116034007
335255376206
077022133177
165156352010
064321060060
353147203263
102365230173
255347217174
035055214037
157042367255
137177127322
030103024226
154060225212
351145267240
136046334230
320114327373
370304321362
333165354264
105022026376
026301250227
216263032054
316020316143
027147231355
040166206166
035277315066
220150177354
255342233120
302202006153
260002061076
262164264367
347310230116
306332134175
157001177004
133052234023
266116175053
312252001036
000235026072
123055026014
025144176033
267343226064
161203221224
040246146343
046261203065
126246220203
143335314374
065126216336
250125324253
123376120056
037005102106
045172246151
145202327341
057157344150
173002245152
171075244143
164036006132
126135340063
037131372132
140136211137
210143160172
256031111173
141220005050
372152101240
064121237313
014003172153
315006041100
260041347132
126354052036
311073131131
372046217100
175061063114
336176054114
003233166051
123171155236
036155173244
370332051245
257113250101
250337101102
316167037121
164177346015
325040016004
064217372231
021001025160
201357275227
243131016052
302003004140
044222042142
175264312204
172205242235
251102104136
050263222330
002171114254
116147270241
307273220261
004246250257
257035230352
153321233123
307276210062
165320010023
335204101052
023012000176
007227356151
211110364252
346062072060
304076076273
303224361263
241106112260
141075116270
310134206337
014124105376
171273377323
365247275060
162207215172
235350136035
372265076373
310076233236
000237016045
162362015154
040240060353
222370155115
067313102005
224031364245
167006243226
366200037041
152276352045
300212076012
036347303331
324062336026
310255134131
122072377223
321200120054
332047236253
350015157236
017175122134
221053172206
333307225322
272041360144
154155215200
227311020233
053121362034
303176261165
265377176342
271032004253
157317223355
237157313104
114000074313
240016210044
152170157032
120030220305
140006357044
053352063111
245240007160
133372000267
340033355163
267122070030
027034364245
045021366373
141302367130
254300045314
263272277257
142344113170
212211257317
311123110306
041231031126
207272245321
347001024265
011001264053
063343166121
031025246127
114121032155
251062136046
105126151016
276247027017
167027340000
110155001214
123256133376
136306234151
034050176022
230133146203
070043214353
063105371237
267022331034
127242040140
337325367011
046063135355
335011224151
257203050375
272025264227
055200076150
301142374034
025302227207
302012027014
161204146256
342176062341
067325015304
306152053007
175370201055
034063121223
364203235206
075244122010
035357201376
004317017021
371213103056
366016130165
124056145055
146167011377
223055140373
256113330371
261223157104
172154160275
102243127247
100204212073
302062150230
144232373042
215053322027
311143200123
060125245114
341362261005
147030374335
161314101235
362307153337
142257125056
065026355112
104157235070
133361056047
347267347352
177232112346
043166312000
336144343071
274105040370
362056200311
220266274210
072340276363
040171361153
162060257332
261003352234
247154167211
061260010243
323302303357
016006137126
231017310376
103277013067
166254216046
137027010356
032322025357
105060162200
236223141316
030042333067
222231143240
223240247052
210010110177
105117154315
001341317276
355046275114
361055060231
300207106231
072121263066
031350044052
077176061353
017226376033
024171340324
326016266021
223232213234
222162313074
000376121057
144224045117
074004173016
331227153113
004225040002
326246070230
100363043161
355075111155
216276137213
170171374164
175324337275
065246106030
344160275176
003025044332
113316127002
337047131273
007251201316
243036104064
127333170227
110273201233
047276164077
334104255037
341021225221
173006336265
325114062215
030200162045
361210277355
314160214035
017056240234
245373056063
060122113251
122235350056
333373324212
033345116211
063324132350
216122100156
045377324043
226322304134
220311323154
053217057261
351170277023
257274270337
141266140072
150363072170
166121301023
020001236061
150004106113
034076064034
016026265300
246227002057
315165164015
012134370320
023070126174
344130275101
167067161330
344100331333
361127044264
330054233333
070373215137
270244027023
323234126265
377266211222
031005345077
231276313347
150211017011
311163154353
043325336125
327113011124
053030122217
366046245375
045127145344
270174112137
132061357246
212101161062
001020352302
241020016243
304051323056
157211143276
217241313033
006075046324
116052012017
225362256363
152161023315
155207072033
300173357307
061013212300
204224240340
013061032305
247302337073
222117303127
063314000071
014356061104
164245242257
007045207202
247322016103
000162140112
075026016241
202030102126
242161007223
263012175102
133062036100
026233135204
212013012265
133120007171
003320171366
142203000376
024076346355
255073135017
350134302002
157064134034
116213115034
340130076042
153152264166
032243115171
160325212205
275265172033
174014371214
364262352244
123362163031
040302257373
064274260303
126100306236
017265355152
152267124224
247121227136
050222025155
050033043205
030252170010
075006276070
173355276011
163350376340
077363253237
232062340240
171356051157
052167165061
027375004014
231247126151
352157064241
362257327101
150136007350
110135344175
203013031115
154334220205
277004310354
376044054114
335365335270
076034263363
170067214003
207352376276
241261265133
146031102246
021334301160
134042334233
175375075336
020350324361
372347236301
337074114133
216333346376
326232320152
371010214346
325377373275
001243007076
320117305277
317233342024
201337326150
325230330041
374101337045
210067264205
112245167165
015051336145
162121055205
120143260277
203107242150
120020352023
062312130356
246346317350
050353003001
020030077131
041373173326
110161137247
172006312344
047033130033
325243332227
357156143144
331251163042
204223114375
166256152144
340054233260
176327034115
145301356006
025275012135
240352236021
114200133030
136074321265
320246240326
267300243242
367172054356
210115270332
161232357307
343330121323
111326062320
263205102161
311132141364
126201075246
017076271046
306072035160
276101226332
037217216114
365153305305
066127314161
245020105260
156235234115
111243161140
031072020131
