070222254065
045074066201
160137304267
166332305346
244172156057
216321207110
051123103142
344231137245
177176213117
324252262227
223174112233
003104013204
024170341005
034261206011
050355340142
077244274376
147027277362
062117120374
275176364303
253153071363
041132231051
315056245254
363114010333
003110116034
310362147177
265173110352
351361153240
370354247161
305303073036
365375132257
027307376250
205155154032
105000151032
256017162372
027354062131
042106234043
337357245266
040306166271
333151332372
351106336142
357376037021
377170231123
027253044033
174331015341
362063177013
231311035021
344207342175
042335270126
035003313176
166210021072
322035143060
330275334101
150077201154
251025250265
175304377331
357365063134
132267132230
021232065251
020200244006
244271132270
055007107303
132212165350
347234215133
316172060063
052264100347
261055175223
135212254136
241176310040
271010033243
300271162243
143150003032
362216017014
232334125163
036301366110
232332100300
355237350353
256054103162
230261244014
043327330147
204216171205
250150141322
041165200111
140230146255
311160023130
270365312202
011035314256
241140003125
164246040232
